PhilGEPS step 02 — Min-Max summary (n=487,605, scaled_columns=31)
                               column       pre_min      pre_max      pre_mean      pre_std      clip_low    clip_high  post_min  post_max  post_mean  post_std
                    Bid Reference No.  0.000000e+00 1.244117e+07  9.581270e+06 2.882121e+06  0.000000e+00 1.230459e+07       0.0       1.0   0.778621  0.234140
                         Line Item No  1.000000e+00 1.326000e+03  2.329578e+01 6.146457e+01  1.000000e+00 3.090000e+02       0.0       1.0   0.067821  0.165067
                            Award No.  5.075040e+05 4.387145e+06  2.902568e+06 3.398548e+04  2.758249e+06 2.917050e+06       0.0       1.0   0.904474  0.130239
                          UNSPSC Code  1.000000e+07 9.514190e+07  4.642628e+07 1.109821e+07  2.411182e+07 9.010160e+07       0.0       1.0   0.339298  0.163555
                                 Year  2.020000e+03 2.025000e+03  2.022991e+03 1.381506e+00  2.020000e+03 2.025000e+03       0.0       1.0   0.598295  0.276225
                  Award Reference No.  4.505660e+05 5.763203e+06  4.661555e+06 5.409254e+05  3.667329e+06 5.734905e+06       0.0       1.0   0.481189  0.260262
log1p_Approved_Budget_of_the_Contract  0.000000e+00 2.254035e+01  1.390204e+01 2.244949e+00  9.798183e+00 1.926226e+01       0.0       1.0   0.434213  0.233537
                    log1p_Item_Budget  0.000000e+00 2.191719e+01  1.108688e+01 3.172670e+00  0.000000e+00 1.679925e+01       0.0       1.0   0.659482  0.187859
                log1p_Contract_Amount  0.000000e+00 2.191716e+01  1.161797e+01 2.212155e+00  4.927398e+00 1.658760e+01       0.0       1.0   0.575112  0.179710
                       log1p_Quantity  0.000000e+00 2.072327e+01  2.833008e+00 2.730517e+00  6.931472e-01 1.059666e+01       0.0       1.0   0.214867  0.271966
               contract_duration_days  0.000000e+00 7.380300e+05  2.611792e+01 1.059517e+03  0.000000e+00 2.700000e+02       0.0       1.0   0.084506  0.135568
                             pub_year  2.020000e+03 2.025000e+03  2.023263e+03 1.245209e+00  2.020000e+03 2.025000e+03       0.0       1.0   0.652631  0.248243
                            pub_month  1.000000e+00 1.200000e+01  7.198823e+00 3.222959e+00  1.000000e+00 1.200000e+01       0.0       1.0   0.563529  0.292925
                              pub_dow  0.000000e+00 6.000000e+00  2.509359e+00 1.510590e+00  0.000000e+00 6.000000e+00       0.0       1.0   0.418227  0.251680
                       pub_epoch_days  7.396000e+03 9.404000e+03  8.700511e+03 4.520795e+02  7.438000e+03 9.357000e+03       0.0       1.0   0.657871  0.235133
                   time_to_close_days -3.000000e+01 1.689186e+03  3.420879e+01 1.579614e+02  2.000000e+00 8.649600e+02       0.0       1.0   0.030768  0.121277
                     prebid_lead_days -3.000000e+01 3.160417e+01 -2.898656e+01 6.028852e+00 -3.000000e+01 8.416667e+00       0.0       1.0   0.025930  0.154835
               award_publish_lag_days -3.000000e+01 1.217000e+03  9.442359e+01 1.498894e+02 -3.000000e+01 9.350000e+02       0.0       1.0   0.128487  0.152729
              award_decision_lag_days -3.000000e+01 1.742312e+03  1.211995e+02 2.826853e+02 -3.000000e+01 1.632417e+03       0.0       1.0   0.090675  0.168403
                         ntp_lag_days -3.000000e+01 2.535000e+03  8.191246e+01 2.543119e+02 -3.000000e+01 1.611000e+03       0.0       1.0   0.067813  0.152413
                 contract_length_days -3.000000e+01 3.650000e+03  1.486159e+03 4.915017e+02  1.300000e+01 1.939000e+03       0.0       1.0   0.764401  0.254786
        contract_effectivity_lag_days -3.000000e+01 1.815000e+03 -2.628250e+01 2.156928e+01 -3.000000e+01 8.600000e+01       0.0       1.0   0.026771  0.134400
                   high_risk_shortage  1.507152e-02 9.932707e-01  1.758581e-01 1.197506e-01  1.507152e-02 6.265580e-01       0.0       1.0   0.262454  0.193374
                    low_risk_shortage  6.729320e-03 9.849285e-01  8.241419e-01 1.197506e-01  3.734420e-01 9.849285e-01       0.0       1.0   0.737546  0.193470
                         overstocking  7.933676e-03 9.999354e-01  5.000010e-01 1.749453e-01  1.263384e-01 9.404321e-01       0.0       1.0   0.458798  0.213874
                        understocking  6.460147e-05 9.920663e-01  4.999990e-01 1.749453e-01  5.956787e-02 8.736616e-01       0.0       1.0   0.541202  0.213875
                     normal_inventory  1.292029e-04 1.000000e+00  7.230213e-01 2.137898e-01  1.187775e-01 9.956707e-01       0.0       1.0   0.689604  0.242091
               unequal_supply_regions  0.000000e+00 1.570230e-01  1.106801e-01 4.085486e-02  0.000000e+00 1.570230e-01       0.0       1.0   0.704866  0.260306
                 equal_supply_regions  8.429770e-01 1.000000e+00  8.893199e-01 4.085486e-02  8.429770e-01 1.000000e+00       0.0       1.0   0.295135  0.260851
               City_Municipality_freq  1.000000e+00 7.126500e+04  1.549334e+04 2.393102e+04  2.700000e+01 7.126500e+04       0.0       1.0   0.217109  0.335969
    City_Municipality_of_Awardee_freq  1.000000e+00 1.809360e+05  7.294039e+04 8.338636e+04  2.800000e+01 1.809360e+05       0.0       1.0   0.403037  0.461230
